#citing publication space cited publication

425378 500158
425378 504544
425378 239716
425378 60252
425378 195548
425378 176607
425378 431092
425378 65163
460752 412180
460752 260090
460752 229556
460752 239716
460752 81310
460752 291862
460752 24358
460752 295834
460752 378845
460752 181141
460752 176607
460752 423611
460752 429819
460752 385223
426405 450391
426405 260090
426405 229556
426405 496265
426405 195548
426405 181141
426405 425378
426405 431092
426405 176607
458306 316528
458306 412695
458306 10883
458306 85503
458306 361022
458306 187698
441129 10883
441129 433211
441129 181141
376943 124643
376943 393865
376943 80597
376943 10883
376943 103386
376943 433211
376943 195548
376943 323706
376943 111753
372706 124643
372706 80597
372706 10883
372706 433211
372706 247993
372706 195548
244894 222722
244894 195548
244894 176607
527717 409675
527717 257671
527717 443588
527717 22310
527717 501440
487832 25887
487832 24565
487832 60805
487832 56028
487832 312653
487832 564717
487832 157405
487832 235855
487832 33618
487832 333360
487832 331366
487832 148045
487832 33021
487832 5881
486190 25887
486190 24565
486190 56028
486190 60805
486190 40240
486190 312653
486190 564717
486190 157405
486190 235855
486190 21659
486190 33618
486190 41760
486190 333360
486190 476552
486190 431896
486190 148045
486190 470717
486190 33021
486190 5881
480550 25887
480550 60805
480550 132325
480550 27920
480550 566084
480550 333360
480550 331366
480550 571981
480550 55546
480550 148045
480550 24139
480550 761
367009 500489
367009 384105
367009 123646
367009 553162
367009 23660
367009 99782
367009 263013
367009 356583
367009 14473
367009 24575
367009 90428
367009 441895
367009 187991
367009 40099
367009 35995
367009 119453
367009 30391
367009 16898
367009 88085
285411 137427
285411 16972
285411 417723
285411 343549
285411 71129
285411 94985
285411 214443
214443 137427
214443 16972
214443 417723
214443 343549
214443 71129
214443 94985
214443 227740
196635 500489
196635 384105
196635 26484
196635 285847
196635 23660
196635 99782
196635 263013
196635 356583
196635 14473
196635 24575
196635 90428
196635 441895
196635 187991
196635 153638
196635 40099
196635 200512
196635 35995
196635 119453
196635 367009
196635 30391
196635 16898
196635 41878
196635 88085
119453 147542
119453 500489
119453 384105
119453 177279
119453 123646
119453 553162
119453 23660
119453 99782
119453 356583
119453 222642
119453 316526
119453 90428
119453 102410
119453 40099
119453 30391
119453 16898
81915 84600
81915 87377
81915 149771
81915 441895
81915 227904
35995 137427
35995 356583
35995 523339
111654 137427
111654 16972
111654 417723
111654 41475
111654 94985
111654 214443
112801 42995
112801 356583
112801 90428
112801 81915
112801 425490
115382 384105
115382 26484
115382 553162
115382 23660
115382 356583
115382 441895
115382 187991
115382 40099
115382 119453
115382 367009
115382 16898
