180 152
180 51
180 179
180 31
180 180
180 181
180 184
180 94
180 17
180 182
180 155
180 149
180 70
180 86
180 94
180 155
180 61
180 54
180 31
180 51
180 73
180 160
180 186
180 68
180 67
180 156
180 153
180 65
180 152
180 71
180 82
180 62
180 180
180 161
180 63
180 178
180 187
180 184
180 179
180 181
180 47
180 151
180 170
180 131
180 154
180 176
180 180
136 132
136 129
136 15
136 16
136 17
136 18
136 19
136 20
136 173
136 22
136 23
136 109
136 25
136 182
136 185
136 28
136 29
136 30
136 31
136 150
136 160
136 34
136 101
136 36
136 168
136 151
136 39
136 40
136 106
136 42
136 43
136 44
136 169
136 46
136 47
136 104
136 89
136 50
136 51
136 52
136 53
136 54
136 158
136 186
136 159
136 85
136 157
136 60
136 61
136 62
136 63
136 154
136 65
136 66
136 67
136 68
136 69
136 70
136 71
136 173
136 73
136 74
136 75
136 76
136 77
136 78
136 79
136 152
136 81
136 82
136 83
136 84
136 85
136 86
136 175
136 158
136 89
136 90
136 184
136 160
136 157
136 94
136 168
136 96
136 159
136 98
136 99
136 100
136 101
136 186
136 103
136 104
136 179
136 106
136 151
136 181
136 109
136 145
136 111
136 112
136 113
136 114
136 115
136 116
136 117
136 139
136 119
136 120
136 121
136 172
136 132
136 124
136 125
136 126
136 132
136 128
136 129
136 130
136 131
136 132
136 165
136 166
136 173
136 136
136 168
136 138
136 139
136 140
136 141
136 142
136 143
136 144
136 145
136 146
136 147
136 148
136 149
136 150
136 151
136 152
136 153
136 154
136 155
136 156
136 157
136 158
136 159
136 160
136 161
136 162
136 163
136 164
136 165
136 166
136 167
136 168
136 169
136 170
136 171
136 172
136 173
136 174
136 175
136 176
136 177
136 178
136 179
136 180
136 181
136 182
136 183
136 184
136 185
136 186
136 187
136 188
136 189
31 31
31 31
31 153
31 81
19 19
19 51
19 19
19 15
19 16
19 17
19 18
19 19
19 31
19 132
19 19
19 121
19 131
19 128
19 167
19 168
19 132
19 166
19 165
19 164
19 126
19 125
19 163
19 162
19 171
19 124
19 119
19 120
19 161
19 172
19 170
19 19
68 69
1 1
1 2
1 3
1 4
1 5
1 6
1 7
1 8
1 9
1 10
1 11
157 186
157 184
157 157
157 158
157 151
157 150
157 160
157 157
157 81
157 150
157 31
157 151
157 158
157 153
157 75
157 157
157 153
157 158
157 150
157 151
157 150
157 153
157 81
157 158
157 157
157 151
157 31
157 157
157 157
157 157
157 104
157 42
157 36
157 68
157 176
157 84
157 149
157 16
157 175
157 101
157 159
157 163
157 132
157 128
157 51
157 168
157 43
157 50
157 30
157 62
157 180
157 186
157 185
157 182
157 158
157 17
157 177
157 150
157 18
157 151
157 169
157 54
157 157
157 46
157 19
157 31
157 181
20 19
20 16
20 18
20 15
20 16
20 78
182 54
182 182
36 36
36 53
36 36
36 89
36 39
36 183
36 34
36 36
36 39
36 34
36 150
36 47
36 177
36 185
36 36
36 175
36 179
36 149
36 181
36 31
36 94
36 53
36 183
36 36
36 39
36 89
36 34
36 89
36 36
36 34
36 39
36 179
36 94
46 28
46 144
46 70
46 68
46 15
46 16
46 19
46 18
46 129
46 46
46 53
46 161
46 159
46 85
46 60
46 168
46 89
46 73
46 42
46 152
46 160
46 98
46 106
46 51
46 44
46 84
46 46
46 176
46 178
46 18
46 25
46 54
46 179
46 181
46 186
46 175
46 184
46 149
46 180
46 99
46 60
46 46
46 29
46 180
46 179
46 78
46 81
46 75
46 52
46 30
46 151
46 185
46 169
46 182
46 157
143 34
143 136
143 79
143 78
143 86
143 31
143 75
143 81
143 74
143 143
143 156
143 179
143 40
143 184
143 149
143 174
143 181
143 96
143 17
10 7
10 8
10 11
10 9
10 3
10 4
10 5
10 6
10 7
10 8
10 9
10 11
185 79
185 174
185 30
185 79
185 79
185 60
185 31
185 186
185 85
185 16
185 131
130 130
154 65
154 66
109 16
126 155
126 144
126 154
126 25
126 70
126 160
126 61
126 36
126 101
126 150
126 44
126 62
126 182
126 178
126 151
126 184
126 179
126 183
126 176
126 51
126 181
126 156
126 53
126 186
126 185
15 96
15 15
150 144
150 157
150 81
150 150
150 31
150 151
150 158
150 153
150 62
150 154
150 61
150 63
150 28
160 62
160 70
65 66
65 154
65 154
104 50
104 100
104 104
104 17
104 18
104 149
104 104
104 104
104 18
104 104
104 186
104 179
104 124
104 181
104 54
104 104
104 18
104 149
104 182
104 16
104 100
104 104
104 17
104 86
104 181
104 166
104 165
104 160
104 61
104 66
104 28
104 71
104 46
104 65
104 63
104 158
104 185
104 30
104 25
104 40
104 68
104 159
104 96
104 125
104 167
104 164
104 163
104 129
104 162
104 42
104 60
104 69
104 179
104 161
104 181
104 184
104 171
104 187
104 47
104 126
104 101
104 170
104 180
104 131
104 98
104 62
104 84
104 157
104 168
104 106
104 89
104 34
104 51
104 173
104 172
104 94
104 174
104 54
104 73
104 36
104 149
104 175
104 186
104 151
104 183
104 156
104 178
104 154
104 155
104 39
104 154
104 100
104 104
104 106
104 51
104 16
176 176
176 172
176 96
176 154
176 187
176 151
176 161
176 178
176 86
176 179
176 168
176 184
176 176
176 150
176 47
176 170
176 176
176 180
176 176
176 184
174 185
78 106
78 51
78 16
54 159
54 30
54 16
54 94
54 169
75 75
75 51
75 75
75 104
75 75
75 144
75 19
75 62
75 184
75 85
75 106
75 51
75 186
75 151
75 183
75 75
75 73
75 54
75 153
75 81
75 149
75 155
75 154
75 19
75 144
75 75
75 75
75 136
75 78
75 81
75 154
75 186
75 178
75 151
75 182
75 180
75 54
75 36
75 175
75 174
75 156
75 187
75 86
75 179
75 73
75 104
75 136
156 96
156 15
156 155
156 154
156 96
156 156
156 96
156 99
156 160
156 169
156 94
156 186
156 51
156 70
156 62
156 179
156 54
156 159
156 96
156 79
156 156
156 76
156 185
156 96
156 15
156 155
156 154
173 79
173 167
173 168
173 165
173 164
173 163
173 166
173 125
173 171
173 172
173 126
173 170
173 161
173 125
173 168
173 167
173 165
173 164
173 163
173 184
173 183
173 185
173 169
173 177
173 179
173 175
173 187
173 181
173 186
173 161
173 170
173 171
173 172
173 126
173 163
173 164
173 167
173 125
173 170
173 161
173 168
173 149
173 150
173 151
173 152
173 153
173 154
173 155
173 156
173 157
173 158
173 159
173 160
173 161
173 162
173 163
173 164
173 165
173 166
173 167
173 168
173 169
173 170
173 171
173 172
173 173
173 174
173 175
173 176
173 177
173 178
173 179
173 180
173 181
173 182
173 183
173 184
173 185
173 186
173 187
74 169
74 54
74 94
74 154
74 182
74 62
74 183
74 169
74 94
74 54
74 155
74 53
74 169
74 54
74 74
74 94
151 157
151 81
151 150
151 31
151 151
151 158
151 153
42 85
42 178
42 28
42 61
42 71
42 181
42 42
42 155
42 144
42 184
42 34
42 51
42 98
42 106
42 67
42 150
42 161
42 186
42 149
42 89
42 176
42 70
42 68
42 69
187 44
187 78
187 46
187 40
187 181
187 179
187 31
187 184
187 181
187 179
187 74
187 16
187 18
187 96
187 129
66 66
66 63
66 61
66 65
66 154
149 177
149 186
149 54
149 84
149 47
149 62
177 182
177 81
177 104
177 149
177 182
177 18
177 177
177 182
100 19
100 100
100 179
100 100
100 40
100 17
100 25
100 184
100 40
100 100
100 104
100 100
100 16
100 104
100 16
100 100
7 1
7 2
7 3
7 4
7 5
7 6
7 7
7 8
7 9
7 10
7 11
53 113
53 117
53 116
53 114
53 112
73 61
73 62
73 68
73 51
73 106
73 51
73 106
73 73
73 182
73 121
73 96
73 52
73 120
73 73
73 171
73 178
73 159
73 69
73 71
73 70
73 63
73 30
73 185
73 89
73 44
73 25
73 101
73 39
73 168
73 36
73 34
73 179
73 151
73 18
73 181
73 182
73 54
73 86
73 184
73 15
73 98
73 84
73 167
73 94
73 186
73 53
73 42
73 160
73 61
73 68
73 62
178 16
178 18
178 31
178 19
178 17
178 78
178 36
178 17
178 178
178 54
178 179
178 53
178 181
50 50
50 15
50 43
50 184
50 179
50 51
50 176
50 20
50 17
50 53
50 151
50 154
50 52
50 39
50 103
50 183
50 178
50 16
50 182
50 157
50 181
50 136
50 74
50 50
50 142
50 143
50 144
50 179
50 160
50 34
50 36
50 168
50 151
50 39
50 101
50 106
50 42
50 25
50 40
50 43
50 44
50 169
50 46
50 47
50 104
50 89
50 150
50 51
50 52
50 182
50 53
50 158
50 54
50 185
50 186
50 159
50 85
50 30
50 157
50 60
50 28
50 61
50 62
50 63
50 154
50 65
50 66
50 70
50 71
50 69
50 68
50 155
50 67
50 173
50 73
50 75
50 76
50 77
50 74
50 78
50 79
50 152
50 81
50 82
50 182
50 50
50 75
50 104
50 100
50 50
82 182
82 50
82 98
82 186
82 150
82 151
82 94
82 42
162 162
124 121
124 167
124 168
124 171
124 172
124 173
124 162
124 163
124 125
124 170
124 161
124 126
124 131
124 124
124 136
124 164
84 179
84 178
84 39
84 181
84 86
84 180
84 149
84 184
84 54
84 40
84 175
84 186
84 185
84 155
163 54
163 182
163 17
163 180
163 16
163 46
163 155
163 53
163 150
163 154
163 169
163 94
163 52
163 183
163 51
163 40
163 25
163 159
163 39
163 36
163 187
163 183
163 182
163 180
163 179
163 177
163 176
163 175
163 174
163 169
163 171
163 170
163 161
163 126
163 173
163 172
163 131
163 163
163 156
163 178
163 152
163 42
163 168
163 46
163 60
163 89
163 151
163 47
163 160
163 186
163 44
163 150
163 85
163 155
163 154
163 54
163 184
163 181
163 153
163 51
163 185
163 149
163 158
163 155
163 144
163 151
163 19
163 78
163 186
163 39
163 29
163 187
163 18
163 150
163 180
163 40
163 16
163 36
163 179
163 54
163 94
163 75
163 175
163 185
163 176
163 136
163 184
163 181
163 51
163 89
163 74
163 163
163 143
163 86
163 149
163 79
163 44
163 84
163 175
163 187
163 106
163 96
163 149
163 184
163 178
163 176
163 186
163 154
163 163
163 36
163 181
163 179
163 51
163 154
163 155
163 182
163 178
163 186
163 183
163 153
163 184
163 81
163 174
163 28
163 79
163 78
163 157
163 149
163 184
163 149
163 154
163 47
163 36
163 177
163 96
163 150
163 89
163 161
163 168
163 131
163 126
163 170
163 163
163 171
139 112
139 116
139 117
139 113
139 114
139 148
139 145
139 111
139 112
139 116
139 114
29 29
29 186
29 179
29 124
29 181
29 154
103 103
43 104
43 129
43 39
43 30
43 15
43 103
43 150
43 176
43 43
43 36
43 177
43 185
43 157
43 113
43 117
43 116
43 114
43 112
77 77
77 47
16 100
16 16
16 106
16 51
16 16
16 40
16 189
16 139
16 16
16 146
159 142
159 143
159 144
159 186
159 54
159 44
81 181
81 86
81 175
81 179
81 85
81 184
81 40
81 34
81 153
81 78
81 81
81 151
81 158
81 150
81 31
81 139
81 180
81 115
81 116
81 117
81 113
81 114
81 112
81 31
81 46
81 155
81 53
81 150
81 154
81 169
81 94
81 52
81 183
81 51
81 81
81 182
81 153
81 86
81 184
81 149
81 169
81 180
81 25
81 36
81 151
81 54
81 54
81 180
81 25
81 36
81 151
81 149
81 169
81 184
81 182
81 153
81 86
186 182
186 47
186 42
186 53
186 51
186 89
186 104
186 39
186 34
186 179
186 186
186 54
186 184
186 43
186 44
186 149
186 159
186 16
186 43
186 186
186 159
186 44
186 159
186 184
186 176
186 178
186 73
186 180
186 47
186 186
186 18
186 86
186 181
186 175
186 179
186 185
186 36
186 46
186 184
186 39
186 69
8 9
8 7
8 10
8 11
8 3
8 6
83 130
83 83
83 130
106 160
106 42
106 52
106 150
106 60
106 84
106 106
106 43
106 31
106 85
106 53
106 149
106 179
106 40
106 182
106 183
106 51
106 34
106 81
106 187
106 169
106 54
106 178
106 180
106 181
106 46
106 86
106 153
106 186
106 175
158 103
158 50
158 169
158 54
158 44
158 159
158 186
158 84
158 30
158 157
158 81
158 150
158 31
158 151
158 158
158 153
158 153
158 151
158 157
158 150
158 158
158 179
158 160
158 34
158 36
158 168
158 151
158 39
158 101
158 106
158 42
158 25
158 40
158 43
158 44
158 169
158 46
158 47
158 104
158 89
158 150
158 51
158 52
158 182
158 53
158 158
158 54
158 185
158 186
158 159
158 85
158 30
158 157
158 60
158 28
158 61
158 62
158 63
158 154
158 65
158 66
158 70
158 71
158 69
158 68
158 155
158 67
158 173
158 73
158 75
158 76
158 77
158 74
158 78
158 79
158 152
158 81
158 82
158 25
158 182
158 185
158 28
158 29
158 30
158 31
158 150
158 160
158 34
158 101
158 36
158 168
158 151
158 39
158 40
158 106
158 42
158 43
158 44
158 169
158 46
158 47
158 104
158 89
158 50
158 51
158 52
158 53
158 54
158 158
158 186
158 159
158 85
158 157
158 60
158 61
158 62
158 63
158 154
158 65
158 66
158 67
158 68
158 69
158 70
158 71
158 173
158 73
158 74
158 75
158 76
158 77
158 78
158 79
158 152
158 81
158 82
158 158
175 84
175 86
175 175
175 155
175 69
175 70
175 68
175 175
175 86
17 54
17 182
17 17
17 180
17 16
17 19
17 81
17 17
17 16
17 100
17 104
17 17
17 165
17 161
17 170
17 164
17 173
17 168
17 125
17 171
17 128
17 182
17 174
17 86
17 183
17 150
17 178
17 177
17 175
17 36
17 176
17 179
17 185
17 180
17 181
17 187
17 186
17 184
172 172
152 78
152 81
152 184
152 75
152 156
152 174
152 67
152 155
152 183
152 152
152 131
152 99
152 186
152 184
152 181
152 187
152 86
152 30
152 157
69 144
69 155
69 69
44 25
44 175
44 54
44 84
44 151
44 53
44 184
44 182
44 36
44 18
44 186
44 185
44 99
44 157
44 106
44 44
44 15
44 51
44 98
153 28
153 62
153 63
153 61
153 54
153 158
153 151
153 150
153 157
153 160
153 186
153 149
153 184
153 89
153 178
153 25
153 182
153 185
153 28
153 29
153 30
153 31
153 150
153 160
153 34
153 101
153 36
153 168
153 151
153 39
153 40
153 106
153 42
153 43
153 44
153 169
153 46
153 47
153 104
153 89
153 50
153 51
153 52
153 53
153 54
153 158
153 186
153 159
153 85
153 157
153 60
153 61
153 62
153 63
153 154
153 65
153 66
153 67
153 68
153 69
153 70
153 71
153 173
153 73
153 74
153 75
153 76
153 77
153 78
153 79
153 152
153 81
153 82
153 101
153 178
153 89
153 184
153 149
153 186
153 160
153 157
153 150
153 151
153 159
153 184
153 157
153 158
153 151
153 150
153 160
153 186
153 184
153 157
153 158
153 151
153 150
153 160
153 31
153 182
153 153
153 86
153 157
153 81
153 150
153 31
153 151
153 158
153 153
153 157
153 153
153 158
153 150
153 151
153 179
153 160
153 34
153 36
153 168
153 151
153 39
153 101
153 106
153 42
153 25
153 40
153 43
153 44
153 169
153 46
153 47
153 104
153 89
153 150
153 51
153 52
153 182
153 53
153 158
153 54
153 185
153 186
153 159
153 85
153 30
153 157
153 60
153 28
153 61
153 62
153 63
153 154
153 65
153 66
153 70
153 71
153 69
153 68
153 155
153 67
153 173
153 73
153 75
153 76
153 77
153 74
153 78
153 79
153 152
153 81
153 82
153 144
153 53
153 28
153 154
153 69
153 70
153 61
153 155
153 63
153 68
153 62
153 70
153 69
153 68
153 155
153 181
153 182
153 94
153 160
153 159
119 121
119 131
119 128
119 167
119 168
119 132
119 166
119 165
119 164
119 126
119 125
119 163
119 162
119 171
119 124
119 119
119 120
119 161
119 172
119 170
9 7
9 8
9 10
9 11
9 6
9 7
9 8
9 4
9 5
9 3
9 10
9 11
94 149
94 186
94 94
94 178
94 181
94 179
89 178
89 51
89 182
89 34
89 186
89 180
89 47
89 184
89 54
89 149
89 156
89 181
89 151
89 175
89 40
89 174
89 169
89 78
89 94
89 82
89 153
89 86
89 187
89 155
89 17
89 70
89 177
89 46
89 60
89 85
89 52
89 25
89 73
89 74
89 161
89 39
89 152
89 144
89 63
89 157
89 79
89 31
89 44
89 159
89 160
89 84
89 129
89 171
89 187
89 89
89 18
89 94
89 96
89 170
89 151
89 101
89 46
89 60
89 182
89 39
89 131
89 161
89 25
89 86
89 175
89 47
89 126
89 16
89 149
89 185
89 176
89 186
89 178
89 36
89 177
89 179
89 150
89 85
89 180
89 184
89 168
89 34
79 185
79 79
79 179
79 149
79 159
79 44
79 79
79 62
79 65
79 79
79 76
79 77
79 182
79 44
79 84
79 175
79 187
79 106
79 96
79 149
79 184
79 178
79 176
79 186
79 154
79 163
79 36
79 181
79 179
79 185
79 79
79 154
79 16
79 185
79 62
79 96
79 185
11 1
11 2
11 3
11 4
11 5
11 6
11 7
11 8
11 9
11 10
11 11
188 188
188 188
