253 253
358 357
358 358
358 249
358 43
358 103
358 75
358 18
358 17
358 29
358 245
182 359
182 406
182 54
182 406
182 234
182 182
424 424
254 260
254 254
249 250
249 251
249 252
249 253
249 254
249 255
249 256
249 257
249 258
249 259
249 260
249 261
249 452
249 263
249 264
249 373
249 266
249 267
249 268
249 269
249 270
249 271
249 272
249 273
249 274
249 275
249 276
249 277
249 278
249 279
249 280
249 281
249 282
249 283
249 284
249 285
249 286
249 287
249 288
249 289
249 290
249 291
249 292
249 293
249 294
249 295
249 296
249 297
249 298
249 299
249 300
249 301
249 302
249 303
249 304
249 305
249 306
249 307
249 308
249 309
249 310
249 311
249 312
249 313
249 314
249 315
249 316
249 317
249 318
249 319
249 320
249 321
249 322
249 323
249 324
249 325
249 326
249 327
249 328
249 329
249 330
249 331
249 332
249 333
249 334
249 335
249 336
249 337
249 338
249 339
249 340
249 341
249 342
249 343
249 344
249 345
249 346
249 347
249 348
249 349
249 350
249 351
249 352
249 353
249 354
249 355
249 356
249 357
249 358
249 359
249 360
249 361
249 362
249 363
249 364
249 365
249 366
249 367
249 368
249 486
249 370
249 371
249 372
249 373
249 374
249 375
249 376
249 399
249 378
249 379
249 380
249 411
249 382
249 383
249 384
249 385
249 406
249 387
249 388
249 389
249 390
249 391
249 392
249 393
249 394
249 395
249 396
249 397
249 398
249 399
249 400
249 401
249 402
249 403
249 404
249 405
249 406
249 407
249 408
249 409
249 410
249 411
249 412
249 413
249 414
249 415
249 500
249 417
249 418
249 419
249 420
249 421
249 422
249 423
249 424
249 425
249 426
249 427
249 428
249 429
249 430
249 431
249 432
249 433
249 434
249 435
249 436
249 437
249 438
249 439
249 440
249 441
249 442
249 443
249 444
249 445
249 446
249 447
249 448
249 494
249 450
249 451
249 452
249 453
249 454
249 455
249 456
249 457
249 458
249 459
249 460
249 461
249 462
249 463
249 464
249 465
249 466
249 467
249 468
249 469
249 470
249 471
249 472
249 473
249 474
249 475
249 476
249 477
249 478
249 479
249 480
249 481
249 482
249 483
249 484
249 485
249 486
249 487
249 488
249 489
249 490
249 491
249 492
249 493
249 494
249 495
249 496
249 497
249 498
249 499
249 500
249 396
249 447
249 261
249 182
249 230
249 480
249 461
249 16
249 239
249 448
249 481
249 403
249 148
249 492
249 111
249 255
249 372
249 138
249 465
249 361
249 366
249 250
249 352
249 366
249 354
249 365
249 352
249 351
249 355
249 364
249 366
249 361
249 362
249 358
249 360
249 350
249 354
249 356
126 155
126 144
126 154
126 25
126 70
126 160
126 61
126 36
126 101
126 150
126 382
126 62
126 182
126 414
126 178
126 151
126 184
126 179
126 183
126 176
126 51
126 181
126 156
126 53
126 186
126 185
126 406
497 497
160 62
160 70
65 66
65 246
65 247
65 154
65 154
472 78
472 143
472 472
472 472
472 472
472 75
472 225
472 315
472 330
472 233
472 324
472 74
286 286
286 311
286 311
286 341
286 286
286 331
286 315
286 335
286 330
286 341
286 286
286 305
286 331
286 315
402 485
402 228
402 418
402 419
402 402
402 190
402 402
402 402
402 402
314 314
314 319
314 316
314 337
314 314
314 314
314 300
314 337
314 314
314 323
314 315
314 331
314 319
314 286
314 296
314 314
314 314
314 141
314 302
314 303
314 239
314 314
314 461
314 442
314 206
314 234
314 81
314 251
314 250
314 261
314 256
314 263
314 111
314 257
314 222
314 431
314 86
314 264
314 193
314 203
314 235
314 452
314 253
314 94
314 252
314 373
314 154
314 441
314 254
78 106
78 51
78 234
78 16
276 330
276 349
276 78
276 81
276 136
276 22
276 341
276 343
276 335
276 331
276 334
276 332
276 326
276 346
276 315
276 273
276 81
276 257
360 360
351 84
351 169
351 182
351 51
351 192
351 54
351 365
351 350
351 361
351 354
351 249
351 356
351 364
450 450
450 450
450 450
450 441
450 450
450 450
450 450
450 441
450 450
413 198
413 243
413 203
413 239
413 228
413 413
413 413
413 413
356 190
356 205
356 223
356 266
356 257
356 203
356 198
356 402
356 350
356 234
356 245
356 239
356 365
356 352
356 351
356 355
356 364
356 366
356 361
356 362
356 358
356 360
356 350
356 354
356 356
356 402
232 232
232 203
232 193
73 61
73 62
73 68
73 51
73 106
73 51
73 106
73 73
73 182
73 121
73 96
73 52
73 120
73 73
73 171
73 178
73 159
73 69
73 71
73 70
73 63
73 30
73 185
73 89
73 382
73 25
73 101
73 39
73 168
73 36
73 34
73 179
73 151
73 18
73 181
73 182
73 54
73 86
73 184
73 15
73 98
73 84
73 167
73 94
73 186
73 53
73 42
73 160
73 61
73 68
73 62
310 311
310 310
310 346
310 349
310 334
310 335
310 331
310 341
310 286
310 334
310 285
310 335
310 331
310 347
310 324
310 297
310 325
310 341
310 315
310 343
310 311
310 332
310 333
310 327
310 342
310 339
310 269
310 270
310 271
310 272
310 273
310 274
310 275
310 276
310 277
310 278
310 279
310 280
310 281
310 282
310 283
310 284
310 285
310 286
310 287
310 288
310 289
310 290
310 291
310 292
310 293
310 294
310 295
310 296
310 297
310 298
310 299
310 300
310 301
310 302
310 303
310 304
310 305
310 306
310 307
310 308
310 309
310 310
310 311
310 312
310 313
310 314
310 315
310 316
310 317
310 318
310 319
310 320
310 321
310 322
310 323
310 324
310 325
310 326
310 327
310 328
310 329
310 330
310 331
310 332
310 333
310 334
310 335
310 336
310 337
310 338
310 339
310 340
310 341
310 342
310 343
310 344
310 345
310 346
310 347
310 348
310 349
310 310
310 335
310 287
178 16
178 18
178 235
178 245
178 17
178 78
178 36
178 17
178 178
178 54
178 179
178 53
178 181
281 281
82 182
82 406
82 50
82 98
82 186
82 150
82 151
82 94
82 42
163 54
163 182
163 17
163 180
163 16
163 46
163 155
163 53
163 150
163 154
163 169
163 94
163 52
163 183
163 51
163 40
163 25
163 159
163 39
163 36
163 187
163 183
163 182
163 180
163 179
163 177
163 176
163 175
163 174
163 169
163 171
163 170
163 161
163 126
163 173
163 172
163 131
163 163
163 156
163 178
163 152
163 42
163 168
163 46
163 60
163 89
163 151
163 47
163 160
163 186
163 382
163 150
163 85
163 155
163 154
163 54
163 184
163 181
163 153
163 51
163 185
163 149
163 158
163 155
163 144
163 151
163 245
163 249
163 78
163 192
163 461
163 414
163 186
163 39
163 234
163 29
163 187
163 18
163 150
163 180
163 40
163 16
163 36
163 179
163 54
163 94
163 75
163 175
163 185
163 176
163 136
163 184
163 181
163 51
163 89
163 74
163 163
163 143
163 86
163 149
163 237
163 79
163 382
163 84
163 175
163 187
163 106
163 96
163 149
163 184
163 178
163 176
163 186
163 154
163 163
163 36
163 181
163 179
163 51
163 154
163 155
163 182
163 192
163 178
163 186
163 183
163 153
163 184
163 81
163 174
163 28
163 79
163 78
163 157
163 149
163 184
163 149
163 154
163 47
163 36
163 177
163 96
163 150
163 89
163 161
163 168
163 131
163 126
163 170
163 163
163 171
163 234
43 104
43 129
43 406
43 39
43 30
43 401
43 15
43 103
43 150
43 176
43 43
43 36
43 177
43 414
43 185
43 157
43 113
43 117
43 116
43 114
43 112
443 443
443 367
443 368
443 370
443 371
443 384
443 373
443 374
443 375
443 376
443 378
443 379
443 380
443 473
443 382
443 383
443 444
443 385
443 387
443 388
443 389
443 390
443 391
443 392
443 393
443 394
443 395
443 396
443 397
443 398
443 399
443 400
443 401
443 402
443 403
443 404
443 405
443 406
443 407
443 408
443 409
443 410
443 411
443 412
443 413
443 414
443 415
443 500
443 417
443 418
443 419
443 420
443 421
443 422
443 423
443 424
443 425
443 426
443 419
443 427
443 429
443 430
443 431
443 432
443 433
443 434
443 435
443 436
443 437
443 438
443 460
443 439
443 440
443 442
443 443
443 445
443 446
443 447
443 448
443 494
443 450
443 451
443 452
443 453
443 454
443 455
443 456
443 457
443 458
443 459
443 460
443 461
443 462
443 463
443 464
443 465
443 466
443 467
443 468
443 469
443 470
443 471
443 472
443 473
443 255
443 474
443 261
443 476
443 477
443 478
443 479
443 481
443 482
443 483
443 484
443 485
443 486
443 488
443 489
443 490
443 491
443 492
443 493
443 494
443 495
443 496
443 497
443 498
443 499
443 478
443 441
443 230
443 480
443 461
443 16
443 239
443 380
443 464
443 111
443 255
443 372
443 425
443 463
443 235
443 81
443 78
443 443
321 321
321 321
321 321
321 321
321 302
321 321
321 301
321 339
321 342
321 320
321 303
321 321
321 321
321 252
321 255
321 373
321 452
321 260
321 321
321 321
321 321
192 192
192 191
158 414
158 103
158 424
158 50
158 169
158 54
158 382
158 159
158 186
158 84
158 30
158 157
158 81
158 150
158 235
158 151
158 158
158 153
158 153
158 151
158 157
158 150
158 158
158 179
158 160
158 34
158 36
158 168
158 151
158 39
158 101
158 106
158 42
158 25
158 40
158 43
158 382
158 169
158 46
158 47
158 104
158 89
158 150
158 51
158 52
158 182
158 53
158 158
158 54
158 185
158 186
158 159
158 85
158 30
158 157
158 60
158 28
158 61
158 62
158 63
158 247
158 246
158 154
158 65
158 66
158 70
158 71
158 69
158 68
158 155
158 67
158 173
158 73
158 75
158 76
158 77
158 74
158 78
158 79
158 152
158 81
158 82
158 25
158 182
158 185
158 28
158 29
158 30
158 235
158 150
158 160
158 34
158 101
158 36
158 168
158 151
158 39
158 40
158 106
158 42
158 43
158 382
158 169
158 46
158 47
158 104
158 89
158 50
158 51
158 52
158 53
158 54
158 158
158 186
158 159
158 85
158 157
158 60
158 61
158 62
158 63
158 154
158 65
158 66
158 67
158 68
158 69
158 70
158 71
158 173
158 73
158 74
158 75
158 76
158 77
158 78
158 79
158 152
158 81
158 82
158 158
409 409
17 54
17 182
17 17
17 180
17 16
17 245
17 81
17 17
17 16
17 424
17 383
17 100
17 104
17 17
17 165
17 161
17 170
17 164
17 173
17 168
17 125
17 171
17 128
17 182
17 174
17 86
17 183
17 150
17 178
17 177
17 175
17 36
17 176
17 179
17 185
17 180
17 181
17 187
17 186
17 184
461 350
461 50
461 15
461 43
461 461
461 184
461 179
461 51
461 176
461 366
461 17
461 53
461 151
461 154
461 387
461 52
461 39
461 103
461 183
461 178
461 401
461 16
461 182
461 157
461 234
461 181
461 461
461 240
461 461
461 266
461 254
461 260
461 257
461 234
461 252
461 253
461 213
461 245
461 47
461 424
461 104
461 100
461 401
461 235
461 461
461 383
461 186
461 236
461 178
461 16
461 18
461 245
461 17
461 245
461 90
461 217
461 356
461 401
461 461
461 245
461 156
461 243
461 498
461 178
461 181
461 182
461 149
229 229
229 205
229 203
229 243
229 190
229 206
229 222
119 121
119 131
119 128
119 167
119 168
119 240
119 166
119 165
119 164
119 126
119 125
119 163
119 162
119 171
119 124
119 119
119 120
119 161
119 172
119 170
188 188
188 188
323 322
323 323
323 319
323 323
323 337
235 210
235 195
235 238
235 236
235 198
235 205
235 201
235 242
235 203
235 235
235 234
235 205
235 206
235 207
235 208
235 241
235 235
235 237
235 213
235 215
235 216
235 217
235 218
235 222
235 217
235 224
235 243
235 223
235 239
235 206
235 225
235 230
235 231
235 228
235 229
235 153
235 81
218 218
366 190
366 205
366 223
366 266
366 257
366 203
366 198
366 245
366 16
366 18
366 15
366 16
366 78
239 240
239 195
239 238
239 236
239 198
239 205
239 201
239 242
239 203
239 234
239 205
239 206
239 207
239 208
239 241
239 210
239 237
239 241
239 213
239 245
239 215
239 216
239 217
239 218
239 222
239 243
239 223
239 224
239 239
239 230
239 231
239 228
239 229
239 230
239 231
239 239
239 239
239 239
239 234
239 235
239 236
239 237
239 238
239 239
239 240
239 241
239 242
239 243
239 356
239 245
239 239
319 319
319 319
319 300
319 319
319 319
319 300
319 309
319 319
319 315
319 319
319 296
319 241
319 319
319 319
319 309
319 319
319 300
319 290
319 315
319 319
319 239
319 233
319 319
319 300
319 315
319 309
319 319
319 319
319 315
319 319
109 16
308 308
308 276
308 313
308 346
308 347
308 308
308 293
308 308
308 308
308 78
308 192
308 136
308 276
308 277
308 308
308 347
308 349
308 317
308 308
308 289
308 347
308 349
308 313
308 308
308 308
308 347
308 293
308 313
308 271
308 308
308 289
308 349
308 308
308 349
308 347
308 308
308 293
308 308
308 308
308 347
308 276
308 313
308 308
308 349
308 308
308 324
308 308
308 335
308 232
150 144
150 157
150 81
150 150
150 235
150 151
150 158
150 153
150 62
150 154
150 61
150 63
150 422
150 28
176 176
176 172
176 96
176 154
176 187
176 151
176 161
176 178
176 86
176 179
176 168
176 184
176 176
176 150
176 47
176 170
176 176
176 180
176 176
176 184
357 74
357 361
357 357
357 357
357 361
357 357
357 361
357 357
357 357
357 361
357 188
54 406
54 159
54 30
54 16
54 94
54 169
156 96
156 15
156 155
156 154
156 96
156 156
156 96
156 99
156 160
156 169
156 94
156 186
156 51
156 70
156 62
156 179
156 54
156 159
156 96
156 79
156 156
156 76
156 185
156 96
156 15
156 155
156 154
149 177
149 186
149 54
149 84
149 47
149 62
210 234
210 154
210 86
210 218
210 231
210 245
210 193
210 74
210 213
210 210
210 210
100 245
100 225
100 100
100 218
100 179
100 100
100 40
100 17
100 25
100 184
100 40
100 100
100 385
100 104
100 400
100 100
100 465
100 195
100 16
100 309
100 104
100 16
100 100
412 482
412 412
236 366
236 236
236 178
236 18
236 17
236 16
236 15
236 104
236 245
236 17
236 18
236 15
236 16
236 207
236 193
236 182
236 192
236 201
236 176
236 54
236 94
236 179
236 178
236 18
236 181
236 149
236 180
236 86
236 187
236 232
236 231
236 82
236 153
236 152
236 78
236 79
236 174
236 74
236 149
236 40
236 186
236 184
236 54
236 183
236 182
236 181
236 98
236 47
236 179
236 178
236 51
236 193
236 232
236 29
236 40
236 319
236 315
217 217
217 239
217 203
217 231
217 195
217 190
217 217
217 217
217 231
217 216
217 198
217 205
217 203
217 190
217 213
217 224
217 225
217 223
217 241
217 195
217 222
217 218
217 206
217 217
217 210
217 239
217 232
217 235
217 228
217 243
217 217
217 203
217 241
217 218
217 217
217 239
217 228
347 313
347 348
222 335
222 243
222 195
222 206
222 217
222 190
222 203
222 222
222 218
222 192
485 198
485 230
485 385
124 121
124 167
124 168
124 171
124 172
124 173
124 162
124 163
124 125
124 170
124 161
124 126
124 131
124 124
124 136
124 164
84 179
84 178
84 39
84 181
84 86
84 180
84 149
84 184
84 54
84 40
84 175
84 186
84 185
84 155
338 339
338 303
338 301
362 350
362 351
362 352
362 353
362 354
362 355
362 356
362 357
362 358
362 359
362 360
362 361
362 362
362 363
362 364
362 365
362 366
418 418
418 418
418 418
159 142
159 143
159 144
159 186
159 54
159 382
213 231
213 216
213 198
213 205
213 203
213 190
213 213
213 224
213 225
213 223
213 241
213 195
213 222
213 218
213 206
213 217
213 210
213 239
213 232
213 235
213 228
213 243
213 383
213 238
213 213
213 245
213 213
213 213
213 245
213 203
213 231
213 218
213 217
213 213
213 232
213 225
213 241
213 243
213 243
213 241
213 210
213 218
213 213
213 213
213 213
213 228
213 243
213 213
213 213
213 243
213 17
213 245
279 319
279 343
279 294
279 295
279 307
311 311
311 310
311 346
311 349
311 334
311 335
311 331
311 341
311 349
311 334
311 311
311 341
311 335
311 311
311 330
311 346
311 344
311 346
311 333
311 347
311 331
311 332
311 343
311 335
311 291
311 330
311 310
311 315
311 341
311 334
311 311
311 323
311 329
311 341
311 332
311 311
311 330
311 315
311 310
311 297
311 311
311 335
311 323
311 294
311 335
311 326
311 302
311 332
311 349
311 78
311 324
311 287
311 331
311 330
311 325
311 343
311 333
311 327
311 225
311 285
311 286
311 250
311 335
311 341
311 324
311 315
311 331
311 311
311 311
311 331
311 315
311 347
311 349
311 78
311 324
311 287
311 331
311 330
311 343
311 333
311 327
311 225
311 285
311 286
311 250
311 310
311 334
311 341
311 203
311 309
311 297
311 315
8 9
8 7
8 10
8 11
8 3
8 6
325 324
152 246
152 78
152 81
152 184
152 75
152 156
152 174
152 67
152 155
152 183
152 152
152 131
152 99
152 186
152 184
152 181
152 187
152 86
152 30
152 157
69 144
69 155
69 69
237 36
237 242
237 237
237 89
237 34
237 237
237 39
237 242
237 78
237 154
237 136
237 74
237 237
237 234
237 242
237 237
237 34
237 17
237 18
237 16
237 178
237 236
237 441
237 245
237 183
237 18
237 242
237 237
237 89
237 34
237 441
237 387
237 234
237 237
237 235
237 237
237 245
237 441
237 242
237 237
237 203
237 257
237 184
237 246
237 452
237 245
237 235
237 34
237 254
237 154
237 60
237 54
237 25
237 40
237 73
237 75
237 156
237 18
237 149
237 94
237 78
237 81
237 186
237 178
237 47
237 184
237 185
237 150
237 234
237 235
237 36
237 242
237 86
237 85
237 237
237 180
237 179
237 182
237 177
237 176
237 74
237 175
237 181
237 34
237 150
237 309
237 356
237 360
237 350
237 181
237 86
237 234
237 17
237 94
237 387
237 236
237 18
237 237
237 242
237 34
237 245
237 185
237 16
237 89
237 36
237 18
237 242
237 237
237 39
237 34
237 354
237 237
237 234
237 356
237 350
237 387
237 242
237 40
237 237
237 187
237 186
237 153
237 182
237 184
237 245
237 179
237 235
237 86
237 34
237 237
237 201
237 349
237 289
237 81
237 181
237 75
237 40
237 86
237 237
237 242
237 40
237 237
237 257
237 252
237 156
237 186
237 75
237 153
237 182
237 184
237 187
237 34
237 86
237 29
237 136
237 81
237 78
353 63
353 69
353 99
353 84
353 71
353 160
353 16
353 186
353 159
353 70
353 69
353 62
353 28
353 179
353 149
353 382
353 353
353 206
94 149
94 186
94 94
94 178
94 181
94 179
89 178
89 51
89 182
89 34
89 186
89 180
89 47
89 184
89 203
89 54
89 149
89 156
89 181
89 151
89 175
89 40
89 174
89 169
89 78
89 94
89 82
89 153
89 86
89 187
89 155
89 234
89 17
89 70
89 177
89 46
89 60
89 85
89 52
89 25
89 73
89 74
89 161
89 39
89 152
89 144
89 63
89 266
89 401
89 157
89 79
89 235
89 382
89 159
89 160
89 84
89 129
89 171
89 187
89 89
89 18
89 94
89 96
89 170
89 151
89 387
89 101
89 46
89 60
89 182
89 39
89 131
89 161
89 25
89 86
89 175
89 47
89 126
89 16
89 149
89 185
89 176
89 186
89 178
89 36
89 177
89 179
89 150
89 85
89 180
89 184
89 168
89 34
11 1
11 2
11 3
11 4
11 5
11 6
11 7
11 8
11 9
11 10
11 11
317 317
317 252
331 331
245 245
245 51
245 231
245 259
245 245
245 15
245 16
245 17
245 18
245 309
245 236
245 206
245 217
245 234
245 245
245 234
245 235
245 236
245 237
245 238
245 239
245 240
245 241
245 242
245 243
245 356
245 245
245 121
245 131
245 128
245 167
245 168
245 240
245 166
245 165
245 164
245 126
245 125
245 163
245 162
245 171
245 124
245 119
245 120
245 161
245 172
245 170
245 361
245 245
68 69
274 436
274 342
274 320
329 312
329 225
329 273
329 309
329 296
329 322
329 331
329 335
329 307
329 295
329 319
329 315
329 329
329 326
36 242
36 36
36 237
36 53
36 36
36 89
36 39
36 183
36 34
36 36
36 39
36 34
36 150
36 47
36 177
36 185
36 36
36 175
36 179
36 149
36 181
36 235
36 94
36 53
36 183
36 36
36 39
36 89
36 34
36 89
36 36
36 237
36 34
36 39
36 179
36 94
46 28
46 144
46 70
46 68
46 15
46 16
46 245
46 18
46 129
46 46
46 53
46 161
46 159
46 85
46 60
46 168
46 89
46 73
46 42
46 152
46 160
46 98
46 106
46 51
46 382
46 84
46 46
46 176
46 178
46 18
46 25
46 54
46 179
46 181
46 186
46 175
46 184
46 149
46 180
46 99
46 201
46 60
46 46
46 29
46 180
46 179
46 78
46 81
46 75
46 52
46 30
46 151
46 185
46 169
46 182
46 157
289 289
365 190
365 205
365 223
365 266
365 257
365 203
365 198
143 34
143 136
143 79
143 78
143 86
143 235
143 75
143 192
143 81
143 74
143 143
143 156
143 179
143 40
143 184
143 149
143 174
143 181
143 96
143 17
10 7
10 8
10 11
10 9
10 3
10 4
10 5
10 6
10 7
10 8
10 9
10 11
185 79
185 174
185 30
185 79
185 79
185 401
185 60
185 237
185 235
185 186
185 85
185 16
185 131
241 241
241 217
241 243
474 474
299 344
299 324
299 326
330 324
330 330
330 349
330 294
330 326
330 325
330 331
330 347
330 333
330 334
174 185
205 217
205 243
205 231
205 216
205 198
205 205
205 203
205 190
205 213
205 224
205 225
205 223
205 241
205 195
205 222
205 218
205 206
205 217
205 210
205 239
205 232
205 235
205 228
205 243
205 201
261 385
173 79
173 167
173 168
173 165
173 164
173 163
173 166
173 125
173 171
173 172
173 126
173 170
173 161
173 125
173 168
173 167
173 165
173 164
173 163
173 184
173 183
173 185
173 169
173 177
173 179
173 175
173 187
173 181
173 186
173 161
173 170
173 171
173 172
173 126
173 163
173 164
173 167
173 125
173 170
173 161
173 168
173 149
173 150
173 151
173 152
173 153
173 154
173 155
173 156
173 157
173 158
173 159
173 160
173 161
173 162
173 163
173 164
173 165
173 166
173 167
173 168
173 169
173 170
173 171
173 172
173 173
173 174
173 175
173 176
173 177
173 178
173 179
173 180
173 181
173 182
173 183
173 184
173 185
173 186
173 187
74 169
74 54
74 94
74 154
74 182
74 246
74 62
74 183
74 169
74 94
74 54
74 155
74 266
74 53
74 169
74 54
74 74
74 94
42 85
42 178
42 28
42 61
42 71
42 181
42 42
42 155
42 144
42 184
42 34
42 51
42 98
42 106
42 67
42 150
42 161
42 186
42 149
42 89
42 176
42 70
42 68
42 69
193 210
193 195
193 238
193 236
193 198
193 225
193 205
193 201
193 242
193 203
193 234
193 205
193 206
193 207
193 208
193 241
193 210
193 237
193 241
193 213
193 245
193 215
193 216
193 217
193 218
193 222
193 245
193 243
193 222
193 223
193 224
193 225
193 230
193 231
193 228
193 229
193 230
193 231
193 232
193 233
193 234
193 235
193 236
193 237
193 238
193 239
193 240
193 241
193 242
193 243
193 356
193 245
66 66
66 63
66 61
66 65
66 154
467 461
467 409
467 467
467 467
467 474
467 228
467 243
467 425
467 223
467 241
467 231
467 218
467 217
467 235
467 228
467 243
467 365
467 467
467 104
467 203
467 16
467 235
467 239
467 245
467 467
177 182
177 81
177 104
177 149
177 182
177 18
177 177
177 182
322 322
322 322
322 322
463 232
463 463
463 203
463 254
463 183
463 452
498 498
498 498
498 261
498 439
498 442
498 400
498 250
498 260
498 494
498 261
498 457
498 255
498 452
498 373
7 1
7 2
7 3
7 4
7 5
7 6
7 7
7 8
7 9
7 10
7 11
53 113
53 117
53 116
53 114
53 112
312 312
50 350
50 50
50 15
50 43
50 461
50 184
50 179
50 51
50 176
50 366
50 17
50 53
50 151
50 154
50 387
50 52
50 39
50 103
50 183
50 178
50 401
50 16
50 182
50 157
50 234
50 181
50 136
50 192
50 74
50 50
50 142
50 143
50 144
50 179
50 160
50 34
50 36
50 168
50 151
50 39
50 101
50 106
50 42
50 25
50 40
50 43
50 382
50 169
50 46
50 47
50 104
50 89
50 150
50 51
50 52
50 182
50 53
50 158
50 54
50 185
50 186
50 159
50 85
50 30
50 157
50 60
50 28
50 61
50 62
50 63
50 247
50 246
50 154
50 65
50 66
50 70
50 71
50 69
50 68
50 155
50 67
50 173
50 73
50 75
50 76
50 77
50 74
50 78
50 79
50 152
50 81
50 82
50 182
50 406
50 50
50 75
50 104
50 100
50 50
269 269
269 269
269 284
269 274
269 269
269 302
269 339
269 269
269 342
269 269
162 162
287 315
287 225
287 344
287 346
454 156
454 22
454 23
454 173
454 109
242 470
242 230
242 223
242 257
242 383
242 215
242 201
242 235
242 224
242 205
242 203
242 242
16 254
16 100
16 16
16 106
16 51
16 234
16 16
16 40
16 189
16 139
16 16
16 403
81 181
81 252
81 257
81 86
81 175
81 179
81 85
81 184
81 40
81 242
81 237
81 34
81 257
81 260
81 254
81 153
81 78
81 233
81 81
81 151
81 158
81 150
81 235
81 139
81 347
81 349
81 243
81 268
81 180
81 115
81 116
81 117
81 113
81 114
81 112
81 234
81 235
81 46
81 155
81 53
81 150
81 154
81 169
81 94
81 52
81 183
81 51
81 81
81 182
81 153
81 86
81 184
81 149
81 169
81 180
81 25
81 36
81 151
81 54
81 54
81 180
81 25
81 36
81 151
81 149
81 169
81 184
81 182
81 153
81 86
393 73
393 165
393 161
393 170
393 164
393 173
393 168
393 125
393 171
393 128
393 182
393 174
393 86
393 183
393 150
393 178
393 177
393 175
393 36
393 176
393 179
393 185
393 180
393 181
393 187
393 186
393 184
186 182
186 47
186 42
186 53
186 51
186 89
186 104
186 39
186 34
186 179
186 186
186 54
186 184
186 43
186 382
186 149
186 159
186 350
186 16
186 43
186 186
186 159
186 382
186 159
186 184
186 176
186 178
186 73
186 180
186 47
186 186
186 18
186 86
186 181
186 175
186 179
186 185
186 36
186 46
186 184
186 39
186 69
106 160
106 42
106 52
106 150
106 60
106 84
106 106
106 43
106 235
106 85
106 53
106 149
106 179
106 40
106 182
106 183
106 51
106 34
106 81
106 187
106 169
106 54
106 178
106 180
106 181
106 46
106 86
106 153
106 186
106 175
238 243
238 238
238 238
364 190
364 205
364 223
364 266
364 257
364 203
364 198
364 364
364 364
364 307
364 364
364 310
364 294
364 331
364 334
307 309
307 273
307 319
307 296
307 309
307 331
307 343
307 315
307 279
307 295
307 290
307 319
382 25
382 175
382 54
382 84
382 151
382 53
382 184
382 182
382 36
382 18
382 186
382 185
382 234
382 99
382 157
382 106
382 382
382 15
382 414
382 51
382 98
469 245
469 54
469 469
469 460
349 349
349 349
349 277
349 293
349 313
349 293
349 347
349 293
349 334
349 341
395 379
395 432
395 469
395 395
332 231
332 216
332 198
332 205
332 203
332 190
332 213
332 224
332 225
332 223
332 241
332 195
332 222
332 218
332 206
332 217
332 210
332 239
332 232
332 235
332 228
332 243
337 287
337 312
337 314
337 316
337 336
337 319
337 306
337 337
337 309
337 283
337 337
337 337
337 319
337 329
337 337
337 315
337 326
337 337
337 329
337 319
337 323
337 337
337 337
337 300
337 337
337 314
337 441
337 411
337 337
337 296
337 319
337 307
337 349
337 334
337 315
337 343
337 291
337 335
337 341
337 325
337 332
337 296
337 337
337 312
337 309
337 315
337 337
337 296
337 319
337 329
337 307
337 337
337 329
337 186
337 439
337 342
337 477
337 104
337 81
337 62
337 51
337 184
337 245
337 182
337 225
337 267
337 74
337 149
337 18
337 178
337 181
337 179
337 383
337 203
337 16
337 332
337 17
337 243
337 337
337 337
337 296
337 319
337 312
337 309
337 319
191 192
500 203
500 232
500 78
500 249
180 152
180 51
180 179
180 231
180 216
180 198
180 205
180 203
180 190
180 213
180 224
180 225
180 223
180 241
180 195
180 222
180 218
180 206
180 217
180 210
180 239
180 232
180 235
180 228
180 243
180 180
180 181
180 184
180 94
180 17
180 182
180 155
180 149
180 70
180 86
180 94
180 155
180 61
180 54
180 235
180 51
180 73
180 160
180 186
180 68
180 67
180 156
180 153
180 65
180 247
180 152
180 71
180 82
180 62
180 180
180 161
180 63
180 178
180 187
180 184
180 179
180 181
180 47
180 151
180 170
180 131
180 154
180 176
180 360
180 180
136 240
136 129
136 15
136 16
136 17
136 18
136 245
136 366
136 173
136 22
136 23
136 109
136 25
136 182
136 185
136 28
136 29
136 30
136 235
136 150
136 160
136 34
136 101
136 36
136 168
136 151
136 39
136 40
136 106
136 42
136 43
136 382
136 169
136 46
136 47
136 104
136 89
136 50
136 51
136 52
136 53
136 54
136 158
136 186
136 159
136 85
136 157
136 60
136 61
136 62
136 63
136 154
136 65
136 66
136 67
136 68
136 69
136 70
136 71
136 173
136 73
136 74
136 75
136 76
136 77
136 78
136 79
136 152
136 81
136 82
136 83
136 84
136 85
136 86
136 175
136 158
136 89
136 90
136 184
136 160
136 157
136 94
136 168
136 96
136 159
136 98
136 99
136 100
136 101
136 186
136 103
136 104
136 179
136 106
136 151
136 181
136 109
136 256
136 111
136 112
136 113
136 114
136 115
136 116
136 117
136 139
136 119
136 120
136 121
136 172
136 240
136 124
136 125
136 126
136 240
136 128
136 129
136 130
136 131
136 240
136 165
136 166
136 173
136 136
136 168
136 138
136 139
136 140
136 141
136 142
136 143
136 144
136 256
136 403
136 147
136 148
136 149
136 150
136 151
136 152
136 153
136 154
136 155
136 156
136 157
136 158
136 159
136 160
136 161
136 162
136 163
136 164
136 165
136 166
136 167
136 168
136 169
136 170
136 171
136 172
136 173
136 174
136 175
136 176
136 177
136 178
136 179
136 180
136 181
136 182
136 183
136 184
136 185
136 186
136 187
136 188
136 189
470 461
470 470
1 1
1 2
1 3
1 4
1 5
1 6
1 7
1 8
1 9
1 10
1 11
157 186
157 184
157 157
157 158
157 151
157 150
157 160
157 157
157 81
157 150
157 235
157 151
157 158
157 153
157 75
157 157
157 153
157 158
157 150
157 151
157 150
157 153
157 81
157 158
157 157
157 151
157 235
157 157
157 157
157 157
157 104
157 42
157 387
157 36
157 68
157 176
157 84
157 149
157 16
157 175
157 101
157 159
157 163
157 240
157 128
157 51
157 168
157 43
157 50
157 30
157 62
157 180
157 186
157 185
157 182
157 158
157 17
157 177
157 150
157 18
157 414
157 151
157 169
157 54
157 157
157 46
157 245
157 235
157 181
243 223
243 243
243 193
243 195
243 81
243 74
243 78
243 109
243 75
243 192
243 243
243 243
243 238
243 243
243 206
243 389
243 224
243 231
243 213
243 205
243 213
243 230
243 206
243 241
243 203
243 223
243 239
243 195
243 217
243 238
243 100
361 218
361 361
361 225
361 366
361 50
361 104
361 240
361 361
361 401
361 16
361 245
361 17
361 235
361 361
361 361
361 361
361 363
361 43
361 361
361 350
361 361
361 17
361 361
361 361
361 104
361 217
361 361
361 357
361 361
361 365
361 352
361 351
361 355
361 364
361 366
361 361
361 362
361 358
361 360
361 350
361 354
361 356
438 233
130 130
154 65
154 246
154 66
154 247
359 359
359 360
359 182
359 129
359 394
359 128
304 269
304 270
304 271
304 272
304 273
304 274
304 275
304 276
304 277
304 278
304 279
304 280
304 281
304 282
304 283
304 284
304 285
304 286
304 287
304 288
304 289
304 290
304 291
304 292
304 293
304 294
304 295
304 296
304 297
304 298
304 299
304 300
304 301
304 302
304 303
304 304
304 305
304 306
304 307
304 308
304 309
304 310
304 311
304 312
304 313
304 314
304 315
304 316
304 317
304 318
304 319
304 320
304 321
304 322
304 323
304 324
304 325
304 326
304 327
304 328
304 329
304 330
304 331
304 332
304 333
304 334
304 335
304 336
304 337
304 338
304 339
304 340
304 341
304 342
304 343
304 344
304 345
304 346
304 347
304 348
304 349
304 335
304 304
15 96
15 15
104 50
104 100
104 104
104 17
104 18
104 149
104 104
104 104
104 18
104 104
104 383
104 441
104 201
104 186
104 179
104 124
104 181
104 54
104 104
104 18
104 149
104 182
104 254
104 16
104 267
104 264
104 253
104 477
104 424
104 383
104 100
104 104
104 17
104 86
104 181
104 166
104 165
104 160
104 247
104 61
104 66
104 28
104 71
104 46
104 65
104 63
104 158
104 185
104 30
104 25
104 40
104 68
104 246
104 159
104 96
104 125
104 167
104 164
104 163
104 129
104 162
104 42
104 60
104 69
104 179
104 161
104 181
104 184
104 171
104 187
104 47
104 126
104 101
104 170
104 180
104 131
104 98
104 62
104 84
104 157
104 168
104 106
104 89
104 34
104 51
104 173
104 172
104 94
104 174
104 54
104 73
104 36
104 149
104 175
104 186
104 151
104 183
104 156
104 178
104 154
104 155
104 39
104 154
104 100
104 104
104 106
104 51
104 234
104 16
400 250
233 233
233 248
206 206
206 217
75 75
75 51
75 75
75 190
75 217
75 411
75 104
75 75
75 144
75 236
75 245
75 62
75 184
75 85
75 106
75 51
75 186
75 151
75 414
75 183
75 75
75 73
75 54
75 153
75 81
75 149
75 155
75 154
75 222
75 203
75 236
75 245
75 193
75 201
75 234
75 206
75 243
75 210
75 242
75 241
75 192
75 144
75 75
75 75
75 136
75 78
75 81
75 154
75 186
75 178
75 151
75 182
75 180
75 54
75 36
75 175
75 174
75 156
75 187
75 86
75 179
75 73
75 104
75 136
151 157
151 81
151 150
151 235
151 151
151 158
151 153
187 382
187 78
187 46
187 40
187 181
187 179
187 228
187 235
187 243
187 239
187 203
187 231
187 195
187 190
187 217
187 184
187 181
187 179
187 74
187 16
187 18
187 292
187 289
187 317
187 349
187 96
187 129
187 234
187 357
491 491
432 232
432 379
432 379
252 250
252 392
252 267
252 459
252 445
252 494
252 260
252 452
252 255
252 373
252 253
252 457
252 264
252 254
252 261
252 258
252 266
252 251
252 154
252 268
252 257
252 494
252 260
252 255
252 373
252 457
252 261
252 452
252 445
252 258
446 499
446 225
446 190
446 411
446 430
446 228
446 239
446 51
446 192
446 78
446 190
446 51
446 192
446 154
446 74
446 86
446 180
446 178
139 112
139 116
139 117
139 113
139 114
139 148
139 423
139 256
139 111
139 268
139 112
139 116
139 114
29 29
29 201
29 186
29 179
29 124
29 181
29 195
29 201
29 203
29 154
103 103
77 77
77 47
77 423
195 461
195 195
195 195
195 195
195 195
83 130
83 83
83 130
282 461
282 330
282 332
282 320
282 282
282 321
282 222
282 331
282 332
282 330
282 324
282 335
282 285
282 333
282 334
282 315
282 282
282 311
282 347
282 341
282 349
282 332
282 330
282 326
282 325
282 346
282 331
175 84
175 86
175 175
175 155
175 69
175 70
175 68
175 175
175 86
172 172
354 104
354 354
354 441
354 441
354 183
354 90
354 206
354 61
354 354
354 452
354 222
354 63
354 424
354 430
354 354
354 385
354 429
354 100
354 383
354 418
354 389
354 461
354 157
354 169
354 401
354 180
354 54
354 481
354 228
354 302
354 441
354 441
354 139
354 113
354 116
354 117
354 354
153 28
153 62
153 63
153 61
153 54
153 158
153 151
153 150
153 157
153 160
153 186
153 149
153 184
153 89
153 178
153 25
153 182
153 185
153 28
153 29
153 30
153 235
153 150
153 160
153 34
153 101
153 36
153 168
153 151
153 39
153 40
153 106
153 42
153 43
153 382
153 169
153 46
153 47
153 104
153 89
153 50
153 51
153 52
153 53
153 54
153 158
153 186
153 159
153 85
153 157
153 60
153 61
153 62
153 63
153 154
153 65
153 66
153 67
153 68
153 69
153 70
153 71
153 173
153 73
153 74
153 75
153 76
153 77
153 78
153 79
153 152
153 81
153 82
153 101
153 178
153 89
153 184
153 149
153 186
153 160
153 157
153 150
153 151
153 159
153 184
153 157
153 158
153 151
153 150
153 160
153 186
153 184
153 157
153 158
153 151
153 150
153 160
153 235
153 182
153 153
153 86
153 157
153 81
153 150
153 235
153 151
153 158
153 153
153 157
153 153
153 158
153 150
153 151
153 179
153 160
153 34
153 36
153 168
153 151
153 39
153 101
153 106
153 42
153 25
153 40
153 43
153 382
153 169
153 46
153 47
153 104
153 89
153 150
153 51
153 52
153 182
153 53
153 158
153 54
153 185
153 186
153 159
153 85
153 30
153 157
153 60
153 28
153 61
153 62
153 63
153 247
153 246
153 154
153 65
153 66
153 70
153 71
153 69
153 68
153 155
153 67
153 173
153 73
153 75
153 76
153 77
153 74
153 78
153 79
153 152
153 81
153 82
153 144
153 53
153 28
153 154
153 69
153 70
153 61
153 155
153 63
153 68
153 62
153 70
153 69
153 68
153 155
153 181
153 182
153 94
153 160
153 159
379 379
9 7
9 8
9 10
9 11
9 6
9 7
9 8
9 4
9 5
9 3
9 10
9 11
79 185
79 79
79 179
79 149
79 159
79 382
79 79
79 232
79 62
79 65
79 247
79 246
79 79
79 76
79 77
79 182
79 201
79 382
79 84
79 175
79 187
79 106
79 96
79 149
79 184
79 178
79 176
79 186
79 154
79 163
79 36
79 181
79 179
79 185
79 79
79 154
79 16
79 185
79 62
79 195
79 406
79 96
79 234
79 185
309 309
401 401
